# Created by Octave 4.4.1, Sat Sep 28 21:24:41 2019 GMT <unknown@LAPTOP-J1GDFI2K>
# name: A
# type: matrix
# rows: 1
# columns: 116
 86 47 42 95 34 105 83 14 5 59 8 73 96 67 54 68 23 91 55 26 60 84 79 9 29 69 35 32 53 101 7 88 81 45 13 28 58 113 15 51 99 104 106 87 30 18 38 71 17 77 44 36 37 92 65 24 114 3 22 19 39 100 82 110 90 80 31 116 61 50 12 85 6 108 75 98 41 74 2 112 4 52 72 40 89 70 16 76 25 102 1 21 48 63 43 56 10 66 111 20 64 11 93 49 62 27 33 94 103 57 97 115 109 78 46 107


